         8         7         3
         3         6         4
         6         1         2
         1         9         2
         4         5         7
         5         3         1
         3         9         2
         9         7         3
         6         6         8
         8         7         4
         9         6         3
         3         4         7
         4         2         6
         6         4         9
         3         8         9
         2         7         4
         9         6         6
         4         4         8
